,n_estimators,colsample_bytree,max_depth,gamma,reg_lambda,subsample,MSE,MAE,R2
0,100.0,0.1,3.0,0.0,0.0,0.5,0.1629681175718532,0.3020491108932851,0.6265022284228902
1,100.0,0.1,3.0,0.0,0.0,0.7,0.16022689261589063,0.2996947800494014,0.6327638304592644
2,100.0,0.1,3.0,0.0,0.0,0.9,0.1591144081182964,0.2980887383645943,0.6353213570783642
3,100.0,0.1,3.0,0.0,1.0,0.5,0.162698124025806,0.3022023947226887,0.6271084270856834
4,100.0,0.1,3.0,0.0,1.0,0.7,0.1605798337911604,0.3001146501941173,0.6320070938301746
5,100.0,0.1,3.0,0.0,1.0,0.9,0.15883005391985297,0.2976367703257411,0.6359753942382463
6,100.0,0.1,3.0,0.0,10.0,0.5,0.1657910812924127,0.30545767962139647,0.6199189598318088
7,100.0,0.1,3.0,0.0,10.0,0.7,0.1641235182516218,0.3034362514592075,0.6237438325476035
8,100.0,0.1,3.0,0.0,10.0,0.9,0.16301090702082835,0.3018303187477206,0.6262729356630977
9,100.0,0.1,3.0,1.0,0.0,0.5,0.16230741114815334,0.3018130380060802,0.6279783426672522
10,100.0,0.1,3.0,1.0,0.0,0.7,0.16076017589691385,0.2999084864796753,0.6315276689357123
11,100.0,0.1,3.0,1.0,0.0,0.9,0.15887645091414662,0.2978939217402852,0.635894875415375
12,100.0,0.1,3.0,1.0,1.0,0.5,0.1628408507870682,0.3026526344378154,0.6267723483652491
13,100.0,0.1,3.0,1.0,1.0,0.7,0.16111889750202255,0.30044971776578083,0.6307251252950006
14,100.0,0.1,3.0,1.0,1.0,0.9,0.15902049966871332,0.2978985839902716,0.6355486131547474
15,100.0,0.1,3.0,1.0,10.0,0.5,0.16648223204099397,0.30601516378519206,0.6183020445442214
16,100.0,0.1,3.0,1.0,10.0,0.7,0.16480731716923927,0.30431575322347504,0.6222097817979718
17,100.0,0.1,3.0,1.0,10.0,0.9,0.16340821858930232,0.3023314352583938,0.6253829326101921
18,100.0,0.1,3.0,10.0,0.0,0.5,0.19738255731464377,0.336791298086031,0.5472183984322514
19,100.0,0.1,3.0,10.0,0.0,0.7,0.18908579385362762,0.3299586157829051,0.566369563892753
20,100.0,0.1,3.0,10.0,0.0,0.9,0.1839242108057118,0.32526465230839374,0.5783117079770045
21,100.0,0.1,3.0,10.0,1.0,0.5,0.19825601775938834,0.33770766806714453,0.545260083165575
22,100.0,0.1,3.0,10.0,1.0,0.7,0.18994007688443532,0.3306068967255452,0.5643995951077967
23,100.0,0.1,3.0,10.0,1.0,0.9,0.18523847534674842,0.32663818616083196,0.57527964013982
24,100.0,0.1,3.0,10.0,10.0,0.5,0.2029493099338901,0.3408965323212608,0.5343638657276302
25,100.0,0.1,3.0,10.0,10.0,0.7,0.19432397030314114,0.33399208220725135,0.554301551547498
26,100.0,0.1,3.0,10.0,10.0,0.9,0.19151613795935032,0.3305922902874582,0.5607971628804854
27,100.0,0.1,10.0,0.0,0.0,0.5,0.1776266114417844,0.3180364775770351,0.5925655830955924
28,100.0,0.1,10.0,0.0,0.0,0.7,0.17329521464287248,0.31126330019239007,0.6025925896976178
29,100.0,0.1,10.0,0.0,0.0,0.9,0.16853114861553892,0.3073655498688243,0.613669852969501
30,100.0,0.1,10.0,0.0,1.0,0.5,0.16603245872882816,0.3052326990089214,0.6193567598590138
31,100.0,0.1,10.0,0.0,1.0,0.7,0.16233600444438673,0.2997327166779101,0.6278424551224078
32,100.0,0.1,10.0,0.0,1.0,0.9,0.1600655540693306,0.2973385011191553,0.6329827218667334
33,100.0,0.1,10.0,0.0,10.0,0.5,0.16176161314508614,0.2998543411518868,0.6291717349399807
34,100.0,0.1,10.0,0.0,10.0,0.7,0.1579822958230992,0.2960627618393014,0.6378465188876763
35,100.0,0.1,10.0,0.0,10.0,0.9,0.1575552885561118,0.2962912118603144,0.6388072819892789
36,100.0,0.1,10.0,1.0,0.0,0.5,0.16585708923675846,0.3053277459802447,0.6196877893529523
37,100.0,0.1,10.0,1.0,0.0,0.7,0.16335430429898565,0.30298177474309684,0.6254027429835819
38,100.0,0.1,10.0,1.0,0.0,0.9,0.16280731380099067,0.30225853104083616,0.6267618409499716
39,100.0,0.1,10.0,1.0,1.0,0.5,0.16098657854297832,0.3000030795219766,0.6309016827846634
40,100.0,0.1,10.0,1.0,1.0,0.7,0.15676136521895384,0.29492885085452636,0.6406879411680846
41,100.0,0.1,10.0,1.0,1.0,0.9,0.15535276394476488,0.29382413409288544,0.6439066520794802
42,100.0,0.1,10.0,1.0,10.0,0.5,0.16074806704738376,0.29980819138543824,0.631538277167099
43,100.0,0.1,10.0,1.0,10.0,0.7,0.15750217514708167,0.2963290936631973,0.6390322733934178
44,100.0,0.1,10.0,1.0,10.0,0.9,0.15656441436806795,0.29532800802410325,0.6411732123307361
45,100.0,0.1,10.0,10.0,0.0,0.5,0.19592289199985508,0.3366365099292519,0.5506613637897615
46,100.0,0.1,10.0,10.0,0.0,0.7,0.18766056135474446,0.32846930754241777,0.5695910875808835
47,100.0,0.1,10.0,10.0,0.0,0.9,0.18249492617116775,0.3235234294707736,0.5815171408213093
48,100.0,0.1,10.0,10.0,1.0,0.5,0.19615605893181287,0.3362786021202638,0.550115568331355
49,100.0,0.1,10.0,10.0,1.0,0.7,0.1891401814328983,0.3301557257109827,0.5662783592879519
50,100.0,0.1,10.0,10.0,1.0,0.9,0.18392633973462347,0.32505169324752037,0.5782629672638709
51,100.0,0.1,10.0,10.0,10.0,0.5,0.20208969860377599,0.34019106611830224,0.5363627142771366
52,100.0,0.1,10.0,10.0,10.0,0.7,0.19401940068486684,0.3338131476165426,0.5550063078402482
53,100.0,0.1,10.0,10.0,10.0,0.9,0.19018731684499401,0.3300412947753799,0.5638651456901564
54,100.0,0.1,50.0,0.0,0.0,0.5,0.20233282352741275,0.3414670227268882,0.5358102365616263
55,100.0,0.1,50.0,0.0,0.0,0.7,0.2103456925374753,0.3474927008460134,0.5175797714543071
56,100.0,0.1,50.0,0.0,0.0,0.9,0.21250330754559982,0.35127479678033174,0.5125456514488966
57,100.0,0.1,50.0,0.0,1.0,0.5,0.17678599386613264,0.31635203188888417,0.5945374187542101
58,100.0,0.1,50.0,0.0,1.0,0.7,0.17242165674445525,0.3101798067059046,0.604727648732849
59,100.0,0.1,50.0,0.0,1.0,0.9,0.1756908347942062,0.31301727836284066,0.5973024848735975
60,100.0,0.1,50.0,0.0,10.0,0.5,0.16593741170988335,0.3045546449092771,0.6195842422777806
61,100.0,0.1,50.0,0.0,10.0,0.7,0.16256023323265548,0.3006542632333099,0.6272931057707959
62,100.0,0.1,50.0,0.0,10.0,0.9,0.16281432419094477,0.30202991106068017,0.6268414044732727
63,100.0,0.1,50.0,1.0,0.0,0.5,0.17314069143627783,0.3129909902206721,0.6029650090491174
64,100.0,0.1,50.0,1.0,0.0,0.7,0.17280233531863437,0.3135806739785083,0.6037531533791414
65,100.0,0.1,50.0,1.0,0.0,0.9,0.17257417522727092,0.3125141173130427,0.6043052189003197
66,100.0,0.1,50.0,1.0,1.0,0.5,0.16217090985947433,0.30040422398933286,0.6282101591585775
67,100.0,0.1,50.0,1.0,1.0,0.7,0.1580184366542463,0.2956774181479359,0.6377664479314428
68,100.0,0.1,50.0,1.0,1.0,0.9,0.1579201629008779,0.29589372749795567,0.6380542163857553
69,100.0,0.1,50.0,1.0,10.0,0.5,0.16188762629588782,0.30115935488736556,0.6289507048189134
70,100.0,0.1,50.0,1.0,10.0,0.7,0.15739667189656106,0.29628414732399694,0.6392663086662653
71,100.0,0.1,50.0,1.0,10.0,0.9,0.15690996037500807,0.29566174518116456,0.6403643932200115
72,100.0,0.1,50.0,10.0,0.0,0.5,0.1953591640621796,0.33606882906022245,0.5519217459253891
73,100.0,0.1,50.0,10.0,0.0,0.7,0.1874989293169451,0.3282323038908103,0.569971267709418
74,100.0,0.1,50.0,10.0,0.0,0.9,0.1824478053049762,0.3235601943372321,0.5816195710715079
75,100.0,0.1,50.0,10.0,1.0,0.5,0.19615605893181287,0.3362786021202638,0.550115568331355
76,100.0,0.1,50.0,10.0,1.0,0.7,0.1891401814328983,0.3301557257109827,0.5662783592879519
77,100.0,0.1,50.0,10.0,1.0,0.9,0.18388957392736954,0.3250515518993792,0.578350560005515
78,100.0,0.1,50.0,10.0,10.0,0.5,0.20208969860377599,0.34019106611830224,0.5363627142771366
79,100.0,0.1,50.0,10.0,10.0,0.7,0.19401940068486684,0.3338131476165426,0.5550063078402482
80,100.0,0.1,50.0,10.0,10.0,0.9,0.19018731684499401,0.3300412947753799,0.5638651456901564
81,100.0,0.5,3.0,0.0,0.0,0.5,0.14927282816618623,0.2883608379291203,0.6579404445972015
82,100.0,0.5,3.0,0.0,0.0,0.7,0.14829992735667313,0.2879924376553683,0.6601692067596179
83,100.0,0.5,3.0,0.0,0.0,0.9,0.14721570589632507,0.2867981790451624,0.6626476976630895
84,100.0,0.5,3.0,0.0,1.0,0.5,0.14832029157231733,0.28762711977709066,0.6601259558975823
85,100.0,0.5,3.0,0.0,1.0,0.7,0.1482777827898043,0.2877198904141053,0.6602795540223642
86,100.0,0.5,3.0,0.0,1.0,0.9,0.14599652815705008,0.28564497324989047,0.6654699553736633
87,100.0,0.5,3.0,0.0,10.0,0.5,0.15070617576770434,0.28861460475986067,0.65467207669132
88,100.0,0.5,3.0,0.0,10.0,0.7,0.14917017809438363,0.28828421528867054,0.6581390673504028
89,100.0,0.5,3.0,0.0,10.0,0.9,0.14865951537641967,0.2876859320464602,0.6593269583511144
90,100.0,0.5,3.0,1.0,0.0,0.5,0.14979377073839573,0.28854552370492115,0.6567508643350825
91,100.0,0.5,3.0,1.0,0.0,0.7,0.14928401240218353,0.2888377910071421,0.6578898363104362
92,100.0,0.5,3.0,1.0,0.0,0.9,0.14652307278368987,0.2861983601086298,0.6642184253269009
93,100.0,0.5,3.0,1.0,1.0,0.5,0.14805998792314198,0.2875303875233168,0.6607088530566749
94,100.0,0.5,3.0,1.0,1.0,0.7,0.14873943129512912,0.2878374601564421,0.6591883817770308
95,100.0,0.5,3.0,1.0,1.0,0.9,0.14679605882794858,0.2866338084158174,0.6636273708228646
96,100.0,0.5,3.0,1.0,10.0,0.5,0.15093575290615918,0.2896951691776307,0.6540710875956375
97,100.0,0.5,3.0,1.0,10.0,0.7,0.149625190593451,0.2888466329241598,0.6570994738813368
98,100.0,0.5,3.0,1.0,10.0,0.9,0.14825378773467604,0.2876124024611132,0.6602306644659027
99,100.0,0.5,3.0,10.0,0.0,0.5,0.1844924230605498,0.3282150795525844,0.5769860043849561
100,100.0,0.5,3.0,10.0,0.0,0.7,0.18042505627124616,0.32374854930059194,0.5863643840575906
101,100.0,0.5,3.0,10.0,0.0,0.9,0.17828269190427162,0.32121045227431955,0.5912067235863445
102,100.0,0.5,3.0,10.0,1.0,0.5,0.18512068228640202,0.32844219323711854,0.575536766136415
103,100.0,0.5,3.0,10.0,1.0,0.7,0.18167951430045004,0.3249917020066845,0.5834406665157164
104,100.0,0.5,3.0,10.0,1.0,0.9,0.17910076115234502,0.32223061897280775,0.5893606804220313
105,100.0,0.5,3.0,10.0,10.0,0.5,0.19169962782864505,0.3331787775501493,0.5602259199923949
106,100.0,0.5,3.0,10.0,10.0,0.7,0.18601237470503545,0.3279772807813042,0.5734213716943618
107,100.0,0.5,3.0,10.0,10.0,0.9,0.1811631003529604,0.32339397718751545,0.5846118914554871
108,100.0,0.5,10.0,0.0,0.0,0.5,0.15489804567050333,0.29444297204180914,0.644932560069374
109,100.0,0.5,10.0,0.0,0.0,0.7,0.14921945051468583,0.28754492160889783,0.6578901492566974
110,100.0,0.5,10.0,0.0,0.0,0.9,0.14992954391271876,0.28680969684423574,0.6561729968677437
111,100.0,0.5,10.0,0.0,1.0,0.5,0.14940162672045476,0.28835686044302095,0.6575444111572407
112,100.0,0.5,10.0,0.0,1.0,0.7,0.14552654717069718,0.2835669025239148,0.6663989182876208
113,100.0,0.5,10.0,0.0,1.0,0.9,0.14392511038651562,0.28102258445857803,0.6701414712667744
114,100.0,0.5,10.0,0.0,10.0,0.5,0.14914171345392618,0.28519584445721624,0.6583156948925899
115,100.0,0.5,10.0,0.0,10.0,0.7,0.1454489607077667,0.2825886646709265,0.6666956182891002
116,100.0,0.5,10.0,0.0,10.0,0.9,0.1466630866305843,0.28295976291718955,0.6639239911304368
117,100.0,0.5,10.0,1.0,0.0,0.5,0.1498087090966887,0.28842916093252563,0.6566736511865713
118,100.0,0.5,10.0,1.0,0.0,0.7,0.1484009762831266,0.2877060037570313,0.6598976770352313
119,100.0,0.5,10.0,1.0,0.0,0.9,0.14681047688391796,0.2848418560604371,0.6634860057299476
120,100.0,0.5,10.0,1.0,1.0,0.5,0.14473150176972852,0.28443072137607955,0.6683784410616943
121,100.0,0.5,10.0,1.0,1.0,0.7,0.14304975810796777,0.28247243125069954,0.6722490541957133
122,100.0,0.5,10.0,1.0,1.0,0.9,0.14120775568352717,0.28084197123709764,0.6764598804479078
123,100.0,0.5,10.0,1.0,10.0,0.5,0.14587329100912189,0.2845606897611653,0.6657672367351217
124,100.0,0.5,10.0,1.0,10.0,0.7,0.14542909959672765,0.2840553101870322,0.6667611538875529
125,100.0,0.5,10.0,1.0,10.0,0.9,0.14362704035288604,0.28159995671931803,0.6709184189364537
126,100.0,0.5,10.0,10.0,0.0,0.5,0.18399111801386897,0.3273804033276374,0.5781643372994146
127,100.0,0.5,10.0,10.0,0.0,0.7,0.17957708454649535,0.32322606322711883,0.5883019766447457
128,100.0,0.5,10.0,10.0,0.0,0.9,0.17713493143563994,0.32010638133895836,0.5938611635513317
129,100.0,0.5,10.0,10.0,1.0,0.5,0.18561156350113703,0.3289190128457463,0.5742884585070522
130,100.0,0.5,10.0,10.0,1.0,0.7,0.1810886439297184,0.3244828192850191,0.5847550342931819
131,100.0,0.5,10.0,10.0,1.0,0.9,0.17910239554068513,0.32238164603478775,0.5893733674520399
132,100.0,0.5,10.0,10.0,10.0,0.5,0.1918083381754844,0.333207268193593,0.5599669228960172
133,100.0,0.5,10.0,10.0,10.0,0.7,0.1861809685097804,0.3279120813984826,0.5730352879327769
134,100.0,0.5,10.0,10.0,10.0,0.9,0.18073054850834608,0.32323950378387256,0.5855293478861049
135,100.0,0.5,50.0,0.0,0.0,0.5,0.16318779541412595,0.3004472582411483,0.6258646583022276
136,100.0,0.5,50.0,0.0,0.0,0.7,0.15691158087794788,0.2945482781497031,0.6402091671937169
137,100.0,0.5,50.0,0.0,0.0,0.9,0.1565723951263565,0.29499579195277625,0.6409942732574351
138,100.0,0.5,50.0,0.0,1.0,0.5,0.15327742877013342,0.2937536617383482,0.6486314478802463
139,100.0,0.5,50.0,0.0,1.0,0.7,0.15240630341150022,0.2902511370438576,0.6507277726624687
140,100.0,0.5,50.0,0.0,1.0,0.9,0.15143160786546653,0.2881735587727211,0.6529712498903996
141,100.0,0.5,50.0,0.0,10.0,0.5,0.15460125799203536,0.29177605977645105,0.645697907804521
142,100.0,0.5,50.0,0.0,10.0,0.7,0.1547390664366632,0.29183025142487207,0.6452747534411383
143,100.0,0.5,50.0,0.0,10.0,0.9,0.15548290957177519,0.293068076658765,0.643680590434775
144,100.0,0.5,50.0,1.0,0.0,0.5,0.15174900768498642,0.2903299298082946,0.6521356342053637
145,100.0,0.5,50.0,1.0,0.0,0.7,0.14724901180796013,0.28630238376252154,0.6625281985894654
146,100.0,0.5,50.0,1.0,0.0,0.9,0.14901713924645557,0.2876264780167156,0.6584439700616918
147,100.0,0.5,50.0,1.0,1.0,0.5,0.14667332939256528,0.28553424652386383,0.6639041575236496
148,100.0,0.5,50.0,1.0,1.0,0.7,0.14400628975777874,0.283375300955791,0.6700469241651359
149,100.0,0.5,50.0,1.0,1.0,0.9,0.14192611200417565,0.2804391253279172,0.674746109313839
150,100.0,0.5,50.0,1.0,10.0,0.5,0.14698175620375117,0.2851077468607392,0.6632272007766564
151,100.0,0.5,50.0,1.0,10.0,0.7,0.14388667242644676,0.2821513809652726,0.6702984144165524
152,100.0,0.5,50.0,1.0,10.0,0.9,0.14236739853663583,0.2799236769929931,0.6737856686127037
153,100.0,0.5,50.0,10.0,0.0,0.5,0.18399111801386897,0.3273804033276374,0.5781643372994146
154,100.0,0.5,50.0,10.0,0.0,0.7,0.17957708454649535,0.32322606322711883,0.5883019766447457
155,100.0,0.5,50.0,10.0,0.0,0.9,0.17713493143563994,0.32010638133895836,0.5938611635513317
156,100.0,0.5,50.0,10.0,1.0,0.5,0.18561156350113703,0.3289190128457463,0.5742884585070522
157,100.0,0.5,50.0,10.0,1.0,0.7,0.1810886439297184,0.3244828192850191,0.5847550342931819
158,100.0,0.5,50.0,10.0,1.0,0.9,0.17910239554068513,0.32238164603478775,0.5893733674520399
159,100.0,0.5,50.0,10.0,10.0,0.5,0.1918083381754844,0.333207268193593,0.5599669228960172
160,100.0,0.5,50.0,10.0,10.0,0.7,0.1861809685097804,0.3279120813984826,0.5730352879327769
161,100.0,0.5,50.0,10.0,10.0,0.9,0.18073054850834608,0.32323950378387256,0.5855293478861049
162,100.0,0.9,3.0,0.0,0.0,0.5,0.14831680162247743,0.2875741854096753,0.6600446174719965
163,100.0,0.9,3.0,0.0,0.0,0.7,0.14717385257041848,0.28678334745968265,0.6626145669577419
164,100.0,0.9,3.0,0.0,0.0,0.9,0.1472971398782178,0.286057991307996,0.6623902342008947
165,100.0,0.9,3.0,0.0,1.0,0.5,0.14740575384510576,0.28639729865970504,0.6622040317873349
166,100.0,0.9,3.0,0.0,1.0,0.7,0.14757927556032474,0.28620167622398995,0.6617618072131934
167,100.0,0.9,3.0,0.0,1.0,0.9,0.14586859252160558,0.2846387180248842,0.6657076635817175
168,100.0,0.9,3.0,0.0,10.0,0.5,0.14741909666686864,0.285672486129089,0.662164746034875
169,100.0,0.9,3.0,0.0,10.0,0.7,0.14664558889850957,0.2853925168879953,0.6639190598329453
170,100.0,0.9,3.0,0.0,10.0,0.9,0.14618073136536808,0.2844115194350359,0.6649627255223928
171,100.0,0.9,3.0,1.0,0.0,0.5,0.14823466812761785,0.28774918108390934,0.6603087897948973
172,100.0,0.9,3.0,1.0,0.0,0.7,0.14767896339377215,0.2869736098347403,0.6615100098626405
173,100.0,0.9,3.0,1.0,0.0,0.9,0.14754293695965093,0.28659397444835344,0.6618214943645551
174,100.0,0.9,3.0,1.0,1.0,0.5,0.14742467215998564,0.2860996960726602,0.6621707352236522
175,100.0,0.9,3.0,1.0,1.0,0.7,0.14745195542968784,0.28586570840457276,0.6620804825495356
176,100.0,0.9,3.0,1.0,1.0,0.9,0.1462421890971568,0.28549732595239724,0.6648680801395093
177,100.0,0.9,3.0,1.0,10.0,0.5,0.14764310111704249,0.2858272945175563,0.6616612707414447
178,100.0,0.9,3.0,1.0,10.0,0.7,0.14688840829667638,0.284943293312861,0.6633350569531611
179,100.0,0.9,3.0,1.0,10.0,0.9,0.14632381689441926,0.2845167871546611,0.6645974252047461
180,100.0,0.9,3.0,10.0,0.0,0.5,0.18461347447697735,0.3279231229419371,0.576720957529284
181,100.0,0.9,3.0,10.0,0.0,0.7,0.1794273284852108,0.3227439031835194,0.5886625568451708
182,100.0,0.9,3.0,10.0,0.0,0.9,0.1767701595370051,0.31988862894315134,0.5947095877468078
183,100.0,0.9,3.0,10.0,1.0,0.5,0.18482867709086984,0.32800397104393275,0.5762451861164094
184,100.0,0.9,3.0,10.0,1.0,0.7,0.1806129302551988,0.32367682923417834,0.5859083684911336
185,100.0,0.9,3.0,10.0,1.0,0.9,0.17878880798017058,0.32123878820386104,0.59003895248121
186,100.0,0.9,3.0,10.0,10.0,0.5,0.18843581730666947,0.3304150219503465,0.5678515792868954
187,100.0,0.9,3.0,10.0,10.0,0.7,0.18273604511888436,0.325010738472869,0.5810011337584033
188,100.0,0.9,3.0,10.0,10.0,0.9,0.17871870936038275,0.32158468604916157,0.5902046081302086
189,100.0,0.9,10.0,0.0,0.0,0.5,0.15287980927775124,0.28930608651152334,0.6495104714166753
190,100.0,0.9,10.0,0.0,0.0,0.7,0.1498554686750206,0.2864708574587306,0.6564466140157624
191,100.0,0.9,10.0,0.0,0.0,0.9,0.14940875333690698,0.2854692943743439,0.6574678126707828
192,100.0,0.9,10.0,0.0,1.0,0.5,0.15027346875594064,0.28686612859480876,0.655666028449778
193,100.0,0.9,10.0,0.0,1.0,0.7,0.14655568608777597,0.2844855447857054,0.6641273022202542
194,100.0,0.9,10.0,0.0,1.0,0.9,0.14648543490690913,0.2844045135917067,0.6642409696344108
195,100.0,0.9,10.0,0.0,10.0,0.5,0.15002976257750092,0.28649854733415014,0.656081707414501
196,100.0,0.9,10.0,0.0,10.0,0.7,0.1463731739925344,0.2829963303741588,0.6643304158731458
197,100.0,0.9,10.0,0.0,10.0,0.9,0.1445238862332488,0.2812679739788176,0.6686644775406869
198,100.0,0.9,10.0,1.0,0.0,0.5,0.14729357395474224,0.28609439048026664,0.6624375217770966
199,100.0,0.9,10.0,1.0,0.0,0.7,0.1469933918766036,0.2848459199581462,0.6631388968072048
200,100.0,0.9,10.0,1.0,0.0,0.9,0.14626999567632784,0.2841688956715139,0.6648105855517181
201,100.0,0.9,10.0,1.0,1.0,0.5,0.14615467196196738,0.28418056334086,0.6651111516419801
202,100.0,0.9,10.0,1.0,1.0,0.7,0.14454514049382522,0.282394399818249,0.6688072914189105
203,100.0,0.9,10.0,1.0,1.0,0.9,0.1438493313169909,0.2814187272296006,0.6703548278910453
204,100.0,0.9,10.0,1.0,10.0,0.5,0.14603246466239367,0.2835667160751674,0.6653212464172771
205,100.0,0.9,10.0,1.0,10.0,0.7,0.14310239410453,0.28029610253400067,0.6720794025951561
206,100.0,0.9,10.0,1.0,10.0,0.9,0.14209486408249963,0.28019578954697355,0.674355194071186
207,100.0,0.9,10.0,10.0,0.0,0.5,0.18360538692932016,0.326853887532769,0.5791223083196891
208,100.0,0.9,10.0,10.0,0.0,0.7,0.1785293001579944,0.3213706683473777,0.5907506644700788
209,100.0,0.9,10.0,10.0,0.0,0.9,0.17736983156741198,0.320356743867257,0.5933578695641711
210,100.0,0.9,10.0,10.0,1.0,0.5,0.18545773001896707,0.3282155877289597,0.5748085499588083
211,100.0,0.9,10.0,10.0,1.0,0.7,0.1794040992351927,0.3225095800419176,0.5886500777003164
212,100.0,0.9,10.0,10.0,1.0,0.9,0.17803373044560888,0.3211060781316901,0.5917494735108477
213,100.0,0.9,10.0,10.0,10.0,0.5,0.18758743995410213,0.3296931074899791,0.5698437252148729
214,100.0,0.9,10.0,10.0,10.0,0.7,0.18318974059148213,0.32529301601220456,0.579948139698848
215,100.0,0.9,10.0,10.0,10.0,0.9,0.1790392820195253,0.3220361489603364,0.5895892960288777
216,100.0,0.9,50.0,0.0,0.0,0.5,0.15616746484497784,0.29239388425722457,0.641948062507835
217,100.0,0.9,50.0,0.0,0.0,0.7,0.15508702868530116,0.291453720048254,0.6444603924749707
218,100.0,0.9,50.0,0.0,0.0,0.9,0.16096299061437883,0.2950981546853134,0.6309628984082241
219,100.0,0.9,50.0,0.0,1.0,0.5,0.15270311715366466,0.2906214214926912,0.6499389553294815
220,100.0,0.9,50.0,0.0,1.0,0.7,0.15207224362740926,0.28824284114279936,0.6514794094500329
221,100.0,0.9,50.0,0.0,1.0,0.9,0.15072265478226018,0.2885582350063943,0.6542936891587071
222,100.0,0.9,50.0,0.0,10.0,0.5,0.1578650230692637,0.29523608221149517,0.6380506272761949
223,100.0,0.9,50.0,0.0,10.0,0.7,0.15773384154720768,0.29342500989073483,0.6382861165226263
224,100.0,0.9,50.0,0.0,10.0,0.9,0.15924573745534826,0.2966052784665115,0.6347984432786177
225,100.0,0.9,50.0,1.0,0.0,0.5,0.1496353894060524,0.2873645423755116,0.6571355298764255
226,100.0,0.9,50.0,1.0,0.0,0.7,0.14792529590579512,0.2852331091393091,0.6609879947012797
227,100.0,0.9,50.0,1.0,0.0,0.9,0.149147322735993,0.28670910209654166,0.6581932247583706
228,100.0,0.9,50.0,1.0,1.0,0.5,0.14750745067062482,0.2843273658983024,0.6619174463916265
229,100.0,0.9,50.0,1.0,1.0,0.7,0.1440772546135485,0.2815045351889597,0.6698632611081592
230,100.0,0.9,50.0,1.0,1.0,0.9,0.1438297117833581,0.2818870509924107,0.670468148714895
231,100.0,0.9,50.0,1.0,10.0,0.5,0.14650921339435363,0.283354922032992,0.6642402476411121
232,100.0,0.9,50.0,1.0,10.0,0.7,0.1437146099713054,0.2814703692062904,0.6706858985461622
233,100.0,0.9,50.0,1.0,10.0,0.9,0.14332078255222364,0.2802210622717666,0.6715064620351121
234,100.0,0.9,50.0,10.0,0.0,0.5,0.18360538692932016,0.326853887532769,0.5791223083196891
235,100.0,0.9,50.0,10.0,0.0,0.7,0.1785293001579944,0.3213706683473777,0.5907506644700788
236,100.0,0.9,50.0,10.0,0.0,0.9,0.17736983156741198,0.320356743867257,0.5933578695641711
237,100.0,0.9,50.0,10.0,1.0,0.5,0.18545773001896707,0.3282155877289597,0.5748085499588083
238,100.0,0.9,50.0,10.0,1.0,0.7,0.1794040992351927,0.3225095800419176,0.5886500777003164
239,100.0,0.9,50.0,10.0,1.0,0.9,0.17803373044560888,0.3211060781316901,0.5917494735108477
240,100.0,0.9,50.0,10.0,10.0,0.5,0.18758743995410213,0.3296931074899791,0.5698437252148729
241,100.0,0.9,50.0,10.0,10.0,0.7,0.18318974059148213,0.32529301601220456,0.579948139698848
242,100.0,0.9,50.0,10.0,10.0,0.9,0.1790392820195253,0.3220361489603364,0.5895892960288777
243,250.0,0.1,3.0,0.0,0.0,0.5,0.1518068719565298,0.2902571065092113,0.6521495197232756
244,250.0,0.1,3.0,0.0,0.0,0.7,0.14941141216741688,0.28716800450498603,0.6575962078626935
245,250.0,0.1,3.0,0.0,0.0,0.9,0.14787693587778447,0.28592474699607634,0.6611673306981346
246,250.0,0.1,3.0,0.0,1.0,0.5,0.15153083297264222,0.29003972989214893,0.6527856815333987
247,250.0,0.1,3.0,0.0,1.0,0.7,0.14905625938457479,0.2870138308219928,0.6584611603776768
248,250.0,0.1,3.0,0.0,1.0,0.9,0.1473152947965898,0.28488522232695573,0.6624411323675934
249,250.0,0.1,3.0,0.0,10.0,0.5,0.14942747614823687,0.28857682244316113,0.6575179442629263
250,250.0,0.1,3.0,0.0,10.0,0.7,0.14911228340938215,0.28742752711665676,0.6582473079860995
251,250.0,0.1,3.0,0.0,10.0,0.9,0.14769552249987963,0.2858963376258397,0.6615129948432917
252,250.0,0.1,3.0,1.0,0.0,0.5,0.15207760804586995,0.29117702632562203,0.6515164473376573
253,250.0,0.1,3.0,1.0,0.0,0.7,0.15097892096017004,0.28907051139880047,0.6540526226853556
254,250.0,0.1,3.0,1.0,0.0,0.9,0.14865720028559162,0.2872452469214296,0.6593515703375217
255,250.0,0.1,3.0,1.0,1.0,0.5,0.15162971468290362,0.29090468040308676,0.652547905221915
256,250.0,0.1,3.0,1.0,1.0,0.7,0.15054072065377364,0.28870001922284894,0.6550477917711561
257,250.0,0.1,3.0,1.0,1.0,0.9,0.14848409051523934,0.28658386487799287,0.6597401699564186
258,250.0,0.1,3.0,1.0,10.0,0.5,0.15230598550383742,0.2915356383641953,0.6508898791044284
259,250.0,0.1,3.0,1.0,10.0,0.7,0.15123145416459086,0.28981039461052427,0.6534084871073207
260,250.0,0.1,3.0,1.0,10.0,0.9,0.14986270057552326,0.28837389303914035,0.6565250985946645
261,250.0,0.1,3.0,10.0,0.0,0.5,0.18982757886845486,0.3306441199569897,0.5646260919686128
262,250.0,0.1,3.0,10.0,0.0,0.7,0.18323643391061345,0.3247368554008684,0.5798116806388378
263,250.0,0.1,3.0,10.0,0.0,0.9,0.1780788036335249,0.3197543510862786,0.5917099118594578
264,250.0,0.1,3.0,10.0,1.0,0.5,0.19078932838098223,0.3316687952272674,0.5623617039290784
265,250.0,0.1,3.0,10.0,1.0,0.7,0.18366300034148356,0.3252571077795915,0.5788623315068013
266,250.0,0.1,3.0,10.0,1.0,0.9,0.17948948986127175,0.32119940920525314,0.588479101318541
267,250.0,0.1,3.0,10.0,10.0,0.5,0.19639260308901405,0.33452365261022127,0.5493588839407493
268,250.0,0.1,3.0,10.0,10.0,0.7,0.1888145172146887,0.3283598995904597,0.5669376468924263
269,250.0,0.1,3.0,10.0,10.0,0.9,0.18518377718157525,0.3241196210706581,0.575285194274038
270,250.0,0.1,10.0,0.0,0.0,0.5,0.17532678110797137,0.31554083113143705,0.5978439387516898
271,250.0,0.1,10.0,0.0,0.0,0.7,0.1712496488357964,0.308788445296702,0.6072807926472525
272,250.0,0.1,10.0,0.0,0.0,0.9,0.16648032690896636,0.3049367728138047,0.6183623194595643
273,250.0,0.1,10.0,0.0,1.0,0.5,0.16402526619885335,0.3026784425156895,0.6239327346071614
274,250.0,0.1,10.0,0.0,1.0,0.7,0.15979246965988897,0.2968737204229088,0.6336599895516539
275,250.0,0.1,10.0,0.0,1.0,0.9,0.1578152061176898,0.2943342400791202,0.6381234821981374
276,250.0,0.1,10.0,0.0,10.0,0.5,0.15588348397798008,0.29384777996732925,0.6426698286786309
277,250.0,0.1,10.0,0.0,10.0,0.7,0.15185034423640784,0.28943217500844004,0.6519138435725648
278,250.0,0.1,10.0,0.0,10.0,0.9,0.15283678206454604,0.2909881785789798,0.6496592531618922
279,250.0,0.1,10.0,1.0,0.0,0.5,0.16064822664470618,0.300368855858418,0.6316621118205482
280,250.0,0.1,10.0,1.0,0.0,0.7,0.15785362255633023,0.29748081006935134,0.6380460175185503
281,250.0,0.1,10.0,1.0,0.0,0.9,0.15736336526988615,0.29682654028213973,0.6392319786495373
282,250.0,0.1,10.0,1.0,1.0,0.5,0.15519194828870742,0.2942214469139729,0.6442076323420609
283,250.0,0.1,10.0,1.0,1.0,0.7,0.15205526651716586,0.28978406767032927,0.651441559342123
284,250.0,0.1,10.0,1.0,1.0,0.9,0.14993847972576227,0.28769706132733397,0.656330935426101
285,250.0,0.1,10.0,1.0,10.0,0.5,0.15139289984282628,0.28980847548817934,0.6530300992250874
286,250.0,0.1,10.0,1.0,10.0,0.7,0.14947522448492273,0.287451794188862,0.6574658734611016
287,250.0,0.1,10.0,1.0,10.0,0.9,0.1483705088349286,0.2863034031094556,0.659965276206529
288,250.0,0.1,10.0,10.0,0.0,0.5,0.18896380740583013,0.33045581853911465,0.5666719916307515
289,250.0,0.1,10.0,10.0,0.0,0.7,0.183142696165364,0.32404394978842965,0.5799441099663689
290,250.0,0.1,10.0,10.0,0.0,0.9,0.17781431260338143,0.31898702781632926,0.5921998834700226
291,250.0,0.1,10.0,10.0,1.0,0.5,0.19061603275088534,0.33121949930353695,0.5628254927617633
292,250.0,0.1,10.0,10.0,1.0,0.7,0.18355983774896956,0.3245990670295245,0.5790777771264
293,250.0,0.1,10.0,10.0,1.0,0.9,0.1789873139796345,0.3200834396069358,0.5895792434167506
294,250.0,0.1,10.0,10.0,10.0,0.5,0.1961838114871782,0.33458452143786827,0.5498442462785993
295,250.0,0.1,10.0,10.0,10.0,0.7,0.1875087854245062,0.3272502398289405,0.5699256550814469
296,250.0,0.1,10.0,10.0,10.0,0.9,0.18374429106198767,0.32342732547378095,0.5786375525777135
297,250.0,0.1,50.0,0.0,0.0,0.5,0.20222358363638593,0.34135298013608717,0.5360603611027723
298,250.0,0.1,50.0,0.0,0.0,0.7,0.2102991798723882,0.34745215171332144,0.5176865224176913
299,250.0,0.1,50.0,0.0,0.0,0.9,0.21245490660608657,0.3512351915861288,0.5126565035863154
300,250.0,0.1,50.0,0.0,1.0,0.5,0.17606855242115305,0.315555835919311,0.5961805920474303
301,250.0,0.1,50.0,0.0,1.0,0.7,0.17215092841022905,0.309955108514225,0.6053474342012589
302,250.0,0.1,50.0,0.0,1.0,0.9,0.17553272011612758,0.31289652812048113,0.5976638778776081
303,250.0,0.1,50.0,0.0,10.0,0.5,0.16128808120291885,0.29982620806498145,0.6302847935683572
304,250.0,0.1,50.0,0.0,10.0,0.7,0.15888231397736843,0.2974665825509172,0.6357213832310673
305,250.0,0.1,50.0,0.0,10.0,0.9,0.16012408714007234,0.29930611765078485,0.63301019770308
306,250.0,0.1,50.0,1.0,0.0,0.5,0.16797591027643505,0.3079417462997276,0.6148450499883442
307,250.0,0.1,50.0,1.0,0.0,0.7,0.16678968646316078,0.3076381917943426,0.6175608158862587
308,250.0,0.1,50.0,1.0,0.0,0.9,0.16674552406223103,0.30663869466108173,0.6176802756629003
309,250.0,0.1,50.0,1.0,1.0,0.5,0.15755118752582056,0.2954644805752845,0.638836766220303
310,250.0,0.1,50.0,1.0,1.0,0.7,0.1533898916514857,0.29027187397826726,0.6483990567378038
311,250.0,0.1,50.0,1.0,1.0,0.9,0.15355331339146755,0.291279645405664,0.6480527290605773
312,250.0,0.1,50.0,1.0,10.0,0.5,0.15195296824056592,0.2906495923799286,0.6517654842085344
313,250.0,0.1,50.0,1.0,10.0,0.7,0.1486899036153418,0.2869294417250064,0.6592544003801946
314,250.0,0.1,50.0,1.0,10.0,0.9,0.14911729909469285,0.287390169647663,0.6582509207364478
315,250.0,0.1,50.0,10.0,0.0,0.5,0.18834168800315298,0.3298978671820839,0.5680629253222677
316,250.0,0.1,50.0,10.0,0.0,0.7,0.18360414317375706,0.3244896130011158,0.578850459292369
317,250.0,0.1,50.0,10.0,0.0,0.9,0.1779701810124673,0.31921095563159085,0.5918402227261524
318,250.0,0.1,50.0,10.0,1.0,0.5,0.19061603275088534,0.33121949930353695,0.5628254927617633
319,250.0,0.1,50.0,10.0,1.0,0.7,0.18355983774896956,0.3245990670295245,0.5790777771264
320,250.0,0.1,50.0,10.0,1.0,0.9,0.1792124694887421,0.3202840667614408,0.5890428214036881
321,250.0,0.1,50.0,10.0,10.0,0.5,0.1961838114871782,0.33458452143786827,0.5498442462785993
322,250.0,0.1,50.0,10.0,10.0,0.7,0.1875087854245062,0.3272502398289405,0.5699256550814469
323,250.0,0.1,50.0,10.0,10.0,0.9,0.18374429106198767,0.32342732547378095,0.5786375525777135
324,250.0,0.5,3.0,0.0,0.0,0.5,0.1467117359594951,0.2840280977232018,0.6638430237740935
325,250.0,0.5,3.0,0.0,0.0,0.7,0.14539370128958296,0.28397239655631124,0.666900180497577
326,250.0,0.5,3.0,0.0,0.0,0.9,0.14311190799584422,0.2806868980239553,0.6721408833847192
327,250.0,0.5,3.0,0.0,1.0,0.5,0.14463440884088555,0.2837122598425877,0.6686533353619979
328,250.0,0.5,3.0,0.0,1.0,0.7,0.14387114947255658,0.2823333014799406,0.670415553245594
329,250.0,0.5,3.0,0.0,1.0,0.9,0.14201033233283317,0.28067150943699976,0.6747032463079574
330,250.0,0.5,3.0,0.0,10.0,0.5,0.14598304793737144,0.2829397070766221,0.6655383979622792
331,250.0,0.5,3.0,0.0,10.0,0.7,0.14346458759095818,0.28067430320962433,0.6712363364102755
332,250.0,0.5,3.0,0.0,10.0,0.9,0.14296767627111776,0.28076769359161846,0.672416132415006
333,250.0,0.5,3.0,1.0,0.0,0.5,0.14678223677289998,0.28409525871059615,0.6637023371122439
334,250.0,0.5,3.0,1.0,0.0,0.7,0.14642102722593142,0.2846540829836129,0.6644977186571334
335,250.0,0.5,3.0,1.0,0.0,0.9,0.14316582900027466,0.28167807679332174,0.6719764426759582
336,250.0,0.5,3.0,1.0,1.0,0.5,0.1442637485272567,0.2828273374968624,0.6694096441094002
337,250.0,0.5,3.0,1.0,1.0,0.7,0.14503317181622646,0.2834054111342164,0.6676917289535477
338,250.0,0.5,3.0,1.0,1.0,0.9,0.1431413120315538,0.2819055845385504,0.6720366229434839
339,250.0,0.5,3.0,1.0,10.0,0.5,0.1455434548088297,0.2829544219855191,0.6664727251275168
340,250.0,0.5,3.0,1.0,10.0,0.7,0.14525555101983237,0.2835096533896384,0.6671575950419623
341,250.0,0.5,3.0,1.0,10.0,0.9,0.1433965733497448,0.2819393111223129,0.6713978078307463
342,250.0,0.5,3.0,10.0,0.0,0.5,0.1818078480815848,0.32561526124952167,0.5831596344642527
343,250.0,0.5,3.0,10.0,0.0,0.7,0.17927893484505136,0.3226058884540343,0.588976759233282
344,250.0,0.5,3.0,10.0,0.0,0.9,0.17733714448685647,0.3204390460513625,0.593378519239172
345,250.0,0.5,3.0,10.0,1.0,0.5,0.18288256218494953,0.32626916223571667,0.580697557696853
346,250.0,0.5,3.0,10.0,1.0,0.7,0.18008669616564443,0.3234664554699771,0.5871657349869777
347,250.0,0.5,3.0,10.0,1.0,0.9,0.17712310932917916,0.3201825931530141,0.5939070066370211
348,250.0,0.5,3.0,10.0,10.0,0.5,0.1890279092029819,0.3302651583349052,0.5664082713087548
349,250.0,0.5,3.0,10.0,10.0,0.7,0.18392861583873685,0.32568362742204765,0.5782179669217271
350,250.0,0.5,3.0,10.0,10.0,0.9,0.17955814847650992,0.3217742601873227,0.5882594304501192
351,250.0,0.5,10.0,0.0,0.0,0.5,0.1545652993702038,0.2936971603003345,0.6457113890786822
352,250.0,0.5,10.0,0.0,0.0,0.7,0.148833305928359,0.28706160177935175,0.6587646456773196
353,250.0,0.5,10.0,0.0,0.0,0.9,0.1498199310066568,0.2863553614734065,0.6564223056661611
354,250.0,0.5,10.0,0.0,1.0,0.5,0.14921170315277052,0.28776467310873377,0.6579401672082859
355,250.0,0.5,10.0,0.0,1.0,0.7,0.1451183578740216,0.2827234869253075,0.6673368634208023
356,250.0,0.5,10.0,0.0,1.0,0.9,0.14333131793801152,0.28035552855412726,0.6715120689404142
357,250.0,0.5,10.0,0.0,10.0,0.5,0.14875968514203583,0.2846575939642533,0.6591817515819951
358,250.0,0.5,10.0,0.0,10.0,0.7,0.1449985352304935,0.28183319295866477,0.6677298714987551
359,250.0,0.5,10.0,0.0,10.0,0.9,0.1453226741588075,0.2813596649733391,0.6670042631828152
360,250.0,0.5,10.0,1.0,0.0,0.5,0.1490168666642378,0.28711511162695597,0.6584796897375123
361,250.0,0.5,10.0,1.0,0.0,0.7,0.14763784889487336,0.28643373364097646,0.6616334149684431
362,250.0,0.5,10.0,1.0,0.0,0.9,0.14583079705666266,0.28369211080310575,0.6657584017897135
363,250.0,0.5,10.0,1.0,1.0,0.5,0.14412042065093825,0.28358219318063554,0.6697610676167993
364,250.0,0.5,10.0,1.0,1.0,0.7,0.1421332546257638,0.28098315028863247,0.67435695400554
365,250.0,0.5,10.0,1.0,1.0,0.9,0.14076168612535872,0.2799962592434566,0.6775202800745516
366,250.0,0.5,10.0,1.0,10.0,0.5,0.14429936453829217,0.2819566838823217,0.6694007553943091
367,250.0,0.5,10.0,1.0,10.0,0.7,0.14395352221780422,0.28243343891261,0.6701487591455806
368,250.0,0.5,10.0,1.0,10.0,0.9,0.14217384333902336,0.27948985970839474,0.674262049127863
369,250.0,0.5,10.0,10.0,0.0,0.5,0.18181826255738226,0.32565909480656824,0.5832005577068486
370,250.0,0.5,10.0,10.0,0.0,0.7,0.1778856332071719,0.3214649694496141,0.5921994411000585
371,250.0,0.5,10.0,10.0,0.0,0.9,0.17620336312181506,0.31921901104909434,0.5959564683762277
372,250.0,0.5,10.0,10.0,1.0,0.5,0.18341165362602158,0.32701413394470025,0.5794153029059453
373,250.0,0.5,10.0,10.0,1.0,0.7,0.17977714885410073,0.32302702368753816,0.5877883733297544
374,250.0,0.5,10.0,10.0,1.0,0.9,0.17852174027514112,0.3218255022035224,0.5906943569879319
375,250.0,0.5,10.0,10.0,10.0,0.5,0.18915353817035224,0.33027526226515386,0.5661089664245755
376,250.0,0.5,10.0,10.0,10.0,0.7,0.1835028714248617,0.3251978892440103,0.5792064910302873
377,250.0,0.5,10.0,10.0,10.0,0.9,0.17949689202452543,0.32203064517872804,0.588417026011129
378,250.0,0.5,50.0,0.0,0.0,0.5,0.16313327822230023,0.3004054748601198,0.6259907422982075
379,250.0,0.5,50.0,0.0,0.0,0.7,0.15690585106769273,0.29454386097750335,0.6402223389657531
380,250.0,0.5,50.0,0.0,0.0,0.9,0.1565686758612141,0.29499515284509076,0.641002795262488
381,250.0,0.5,50.0,0.0,1.0,0.5,0.1529403710194705,0.2934815206990651,0.6494087244764767
382,250.0,0.5,50.0,0.0,1.0,0.7,0.15235406060337492,0.29024422788601273,0.6508484117661798
383,250.0,0.5,50.0,0.0,1.0,0.9,0.15136393471094953,0.2881247520031004,0.653127109159909
384,250.0,0.5,50.0,0.0,10.0,0.5,0.1524902461344661,0.2896809790162035,0.6505484067931124
385,250.0,0.5,50.0,0.0,10.0,0.7,0.15359654384887092,0.29080750722132614,0.647906836875479
386,250.0,0.5,50.0,0.0,10.0,0.9,0.15464046420988217,0.29240325306056114,0.6456037656306866
387,250.0,0.5,50.0,1.0,0.0,0.5,0.15061897835433397,0.28927939217384735,0.6547414292317072
388,250.0,0.5,50.0,1.0,0.0,0.7,0.1459854860833222,0.28491196260609564,0.6654449745219686
389,250.0,0.5,50.0,1.0,0.0,0.9,0.1479742473493883,0.28595801205152205,0.6608520492945666
390,250.0,0.5,50.0,1.0,1.0,0.5,0.14613469991976563,0.284616490038363,0.6651361768051576
391,250.0,0.5,50.0,1.0,1.0,0.7,0.14326276190146625,0.2821334447269001,0.6717680740367995
392,250.0,0.5,50.0,1.0,1.0,0.9,0.14141025064864682,0.2795230688019271,0.6759367806648059
393,250.0,0.5,50.0,1.0,10.0,0.5,0.1447350190473221,0.2822768713487963,0.6683514402815403
394,250.0,0.5,50.0,1.0,10.0,0.7,0.14222710494557922,0.28003803170587316,0.6741043429094957
395,250.0,0.5,50.0,1.0,10.0,0.9,0.1416163662057116,0.2789636942903301,0.6755349923110615
396,250.0,0.5,50.0,10.0,0.0,0.5,0.18181826255738226,0.32565909480656824,0.5832005577068486
397,250.0,0.5,50.0,10.0,0.0,0.7,0.1778856332071719,0.3214649694496141,0.5921994411000585
398,250.0,0.5,50.0,10.0,0.0,0.9,0.17620336312181506,0.31921901104909434,0.5959564683762277
399,250.0,0.5,50.0,10.0,1.0,0.5,0.18341165362602158,0.32701413394470025,0.5794153029059453
400,250.0,0.5,50.0,10.0,1.0,0.7,0.17977714885410073,0.32302702368753816,0.5877883733297544
401,250.0,0.5,50.0,10.0,1.0,0.9,0.17852174027514112,0.3218255022035224,0.5906943569879319
402,250.0,0.5,50.0,10.0,10.0,0.5,0.18915353817035224,0.33027526226515386,0.5661089664245755
403,250.0,0.5,50.0,10.0,10.0,0.7,0.1835028714248617,0.3251978892440103,0.5792064910302873
404,250.0,0.5,50.0,10.0,10.0,0.9,0.17949689202452543,0.32203064517872804,0.588417026011129
405,250.0,0.9,3.0,0.0,0.0,0.5,0.1458708053244861,0.283986259176803,0.6657059492830835
406,250.0,0.9,3.0,0.0,0.0,0.7,0.1448662813287918,0.2830636242955188,0.6679649099179008
407,250.0,0.9,3.0,0.0,0.0,0.9,0.14342085574055366,0.27992651887588466,0.6713888092177946
408,250.0,0.9,3.0,0.0,1.0,0.5,0.14368472781473657,0.2815042062301033,0.6707542277357476
409,250.0,0.9,3.0,0.0,1.0,0.7,0.14434493774833226,0.2814531118915973,0.6692346281026651
410,250.0,0.9,3.0,0.0,1.0,0.9,0.14222680115780761,0.2794134302599957,0.6741240348661942
411,250.0,0.9,3.0,0.0,10.0,0.5,0.14339888911680232,0.2802122524763659,0.6714324573335935
412,250.0,0.9,3.0,0.0,10.0,0.7,0.14311832338229857,0.2805642010626449,0.6720735603951338
413,250.0,0.9,3.0,0.0,10.0,0.9,0.14171179350563665,0.2783742696674054,0.6752681334709718
414,250.0,0.9,3.0,1.0,0.0,0.5,0.14528355144397748,0.2833811224206766,0.667070360975407
415,250.0,0.9,3.0,1.0,0.0,0.7,0.14480342398070958,0.28275565654259477,0.6681175521853314
416,250.0,0.9,3.0,1.0,0.0,0.9,0.14381042852897913,0.281776350739677,0.670398560473808
417,250.0,0.9,3.0,1.0,1.0,0.5,0.14413028585432386,0.2821756412256805,0.6697572046822186
418,250.0,0.9,3.0,1.0,1.0,0.7,0.14513989333692742,0.28210691772381635,0.6674458991822381
419,250.0,0.9,3.0,1.0,1.0,0.9,0.14338728453696167,0.28178394811406265,0.6713896733850249
420,250.0,0.9,3.0,1.0,10.0,0.5,0.14428133705269303,0.2809150751959032,0.6693855276533689
421,250.0,0.9,3.0,1.0,10.0,0.7,0.14324024086582482,0.2798687948253704,0.671733104509193
422,250.0,0.9,3.0,1.0,10.0,0.9,0.14232767379507769,0.2799662446588078,0.6738026062058502
423,250.0,0.9,3.0,10.0,0.0,0.5,0.18226930197680907,0.32555451036079913,0.58213777210691
424,250.0,0.9,3.0,10.0,0.0,0.7,0.1778772711227033,0.3209878886942632,0.5921879056521384
425,250.0,0.9,3.0,10.0,0.0,0.9,0.17619559269315435,0.31935281279986555,0.5960348823198857
426,250.0,0.9,3.0,10.0,1.0,0.5,0.18199468928585188,0.32532925393451695,0.5827407486892959
427,250.0,0.9,3.0,10.0,1.0,0.7,0.17903463204889938,0.32214599392537624,0.5895405047300227
428,250.0,0.9,3.0,10.0,1.0,0.9,0.17763830340501405,0.32007737930745406,0.592640859821097
429,250.0,0.9,3.0,10.0,10.0,0.5,0.18601980094302556,0.3276719162016207,0.5734278151978426
430,250.0,0.9,3.0,10.0,10.0,0.7,0.1816333482791616,0.32389607913226465,0.5835468271455037
431,250.0,0.9,3.0,10.0,10.0,0.9,0.17790885757026662,0.32077121216965304,0.5920634844248658
432,250.0,0.9,10.0,0.0,0.0,0.5,0.15308127799994367,0.28957542297438754,0.649050931294762
433,250.0,0.9,10.0,0.0,0.0,0.7,0.14966836079528417,0.2861222103875108,0.6568850973671376
434,250.0,0.9,10.0,0.0,0.0,0.9,0.14923488895990453,0.2851272115286617,0.6578650869291269
435,250.0,0.9,10.0,0.0,1.0,0.5,0.15029379961890205,0.28681469681788974,0.6555901379843464
436,250.0,0.9,10.0,0.0,1.0,0.7,0.14649479760648002,0.28421272151163507,0.6642663481579442
437,250.0,0.9,10.0,0.0,1.0,0.9,0.1462884159983235,0.2841679359622263,0.6646754480936791
438,250.0,0.9,10.0,0.0,10.0,0.5,0.1502376162018219,0.2867891350555095,0.6556009258293589
439,250.0,0.9,10.0,0.0,10.0,0.7,0.14565542874927606,0.28218847550685056,0.6659964270378362
440,250.0,0.9,10.0,0.0,10.0,0.9,0.14436616788656248,0.2810652448289005,0.6690155088626888
441,250.0,0.9,10.0,1.0,0.0,0.5,0.14716441970703814,0.2854083498294462,0.6627467746474485
442,250.0,0.9,10.0,1.0,0.0,0.7,0.1463900128790017,0.2837609054737397,0.6645214632614278
443,250.0,0.9,10.0,1.0,0.0,0.9,0.14529358166670478,0.2830520859795274,0.6670584890937923
444,250.0,0.9,10.0,1.0,1.0,0.5,0.14580467155003635,0.2841716380348465,0.6659045854196843
445,250.0,0.9,10.0,1.0,1.0,0.7,0.1448289038644048,0.2826696503571381,0.6681650852048197
446,250.0,0.9,10.0,1.0,1.0,0.9,0.1430879999769373,0.2804565756055618,0.6721187047548168
447,250.0,0.9,10.0,1.0,10.0,0.5,0.14527208536714722,0.2821343769378033,0.6670385911911532
448,250.0,0.9,10.0,1.0,10.0,0.7,0.14260446896334866,0.2795951892975346,0.6732218955159442
449,250.0,0.9,10.0,1.0,10.0,0.9,0.14099912380620586,0.27847151198179654,0.6768763459834689
450,250.0,0.9,10.0,10.0,0.0,0.5,0.18159379018898938,0.3250616359484942,0.5836969949950293
451,250.0,0.9,10.0,10.0,0.0,0.7,0.1771587989828966,0.3199072523004747,0.5939357560266588
452,250.0,0.9,10.0,10.0,0.0,0.9,0.17661610232949712,0.3195161274142612,0.595062580773201
453,250.0,0.9,10.0,10.0,1.0,0.5,0.18339488677207116,0.32596416332456124,0.5795383789505212
454,250.0,0.9,10.0,10.0,1.0,0.7,0.17847591198560947,0.3214997780189224,0.5908041094142051
455,250.0,0.9,10.0,10.0,1.0,0.9,0.17750496103786215,0.3203493608022732,0.5929714913427506
456,250.0,0.9,10.0,10.0,10.0,0.5,0.18559290251520083,0.3274054051949483,0.5744302511564138
457,250.0,0.9,10.0,10.0,10.0,0.7,0.18178159060555396,0.3239360843950517,0.5832065754017979
458,250.0,0.9,10.0,10.0,10.0,0.9,0.17814793216484343,0.32112370929207207,0.5915860727562687
459,250.0,0.9,50.0,0.0,0.0,0.5,0.1561414016589361,0.2923605054050194,0.6420080769951928
460,250.0,0.9,50.0,0.0,0.0,0.7,0.1550847280191836,0.29145195160311377,0.6444657589095563
461,250.0,0.9,50.0,0.0,0.0,0.9,0.1609612358418952,0.2950989989851915,0.6309668892321483
462,250.0,0.9,50.0,0.0,1.0,0.5,0.15277598074511975,0.2906961361728262,0.6497751832466981
463,250.0,0.9,50.0,0.0,1.0,0.7,0.1521177101200614,0.28830201143940254,0.6513712737571812
464,250.0,0.9,50.0,0.0,1.0,0.9,0.15069941202662357,0.2885334926009487,0.6543465537928979
465,250.0,0.9,50.0,0.0,10.0,0.5,0.15648276012849366,0.29402646945063576,0.6412365773777107
466,250.0,0.9,50.0,0.0,10.0,0.7,0.15666470711186053,0.2925136090968896,0.6407268466628446
467,250.0,0.9,50.0,0.0,10.0,0.9,0.1586489104507008,0.2960558522261394,0.6361644709981148
468,250.0,0.9,50.0,1.0,0.0,0.5,0.14909057575791065,0.28638932387902705,0.6584032701362874
469,250.0,0.9,50.0,1.0,0.0,0.7,0.1471359378301777,0.2844140891991497,0.6628398778329532
470,250.0,0.9,50.0,1.0,0.0,0.9,0.14853442751446472,0.2858019639864769,0.6595887111284735
471,250.0,0.9,50.0,1.0,1.0,0.5,0.14757045057532536,0.2843075768430781,0.6618119565810343
472,250.0,0.9,50.0,1.0,1.0,0.7,0.14334085850616765,0.2806535721710238,0.6715703353895172
473,250.0,0.9,50.0,1.0,1.0,0.9,0.14324746585006226,0.28079339824685523,0.6718201630476817
474,250.0,0.9,50.0,1.0,10.0,0.5,0.14603493854889257,0.2823671477661724,0.6653460296590147
475,250.0,0.9,50.0,1.0,10.0,0.7,0.14334812944106443,0.2805754162255458,0.6715178881797149
476,250.0,0.9,50.0,1.0,10.0,0.9,0.14245100401819094,0.27884381810254577,0.6735380192078024
477,250.0,0.9,50.0,10.0,0.0,0.5,0.18159379018898938,0.3250616359484942,0.5836969949950293
478,250.0,0.9,50.0,10.0,0.0,0.7,0.1771587989828966,0.3199072523004747,0.5939357560266588
479,250.0,0.9,50.0,10.0,0.0,0.9,0.17661610232949712,0.3195161274142612,0.595062580773201
480,250.0,0.9,50.0,10.0,1.0,0.5,0.18339488677207116,0.32596416332456124,0.5795383789505212
481,250.0,0.9,50.0,10.0,1.0,0.7,0.17847591198560947,0.3214997780189224,0.5908041094142051
482,250.0,0.9,50.0,10.0,1.0,0.9,0.17750496103786215,0.3203493608022732,0.5929714913427506
483,250.0,0.9,50.0,10.0,10.0,0.5,0.18559290251520083,0.3274054051949483,0.5744302511564138
484,250.0,0.9,50.0,10.0,10.0,0.7,0.18178159060555396,0.3239360843950517,0.5832065754017979
485,250.0,0.9,50.0,10.0,10.0,0.9,0.17814793216484343,0.32112370929207207,0.5915860727562687
486,500.0,0.1,3.0,0.0,0.0,0.5,0.15019641299708625,0.2882875194614102,0.6559444655636172
487,500.0,0.1,3.0,0.0,0.0,0.7,0.14818359910231896,0.2857160798749332,0.6603947585270473
488,500.0,0.1,3.0,0.0,0.0,0.9,0.1450276068307345,0.28255427797776134,0.6676968012995472
489,500.0,0.1,3.0,0.0,1.0,0.5,0.1498753788752797,0.2876192998369699,0.6566183072730498
490,500.0,0.1,3.0,0.0,1.0,0.7,0.14625777385343466,0.283555883489735,0.6649122147954296
491,500.0,0.1,3.0,0.0,1.0,0.9,0.1440609466055292,0.2816315055316,0.6699021456149696
492,500.0,0.1,3.0,0.0,10.0,0.5,0.14646561962541513,0.2849794499853374,0.6643499022232098
493,500.0,0.1,3.0,0.0,10.0,0.7,0.14507236188288844,0.2825559912706873,0.6675427764908206
494,500.0,0.1,3.0,0.0,10.0,0.9,0.14351441612553698,0.28103978501263704,0.6711274219055111
495,500.0,0.1,3.0,1.0,0.0,0.5,0.14931467529922132,0.28805832367732953,0.6578435573140506
496,500.0,0.1,3.0,1.0,0.0,0.7,0.1483474899496374,0.286066623728117,0.6601031573462355
497,500.0,0.1,3.0,1.0,0.0,0.9,0.1464169925938814,0.28452159830866186,0.6644867020604988
498,500.0,0.1,3.0,1.0,1.0,0.5,0.14918102766153002,0.2876180198171545,0.6582061857804552
499,500.0,0.1,3.0,1.0,1.0,0.7,0.14795069149538598,0.28579334426850866,0.6609898174631287
500,500.0,0.1,3.0,1.0,1.0,0.9,0.14561379685634054,0.2833905149877516,0.6663452668230118
501,500.0,0.1,3.0,1.0,10.0,0.5,0.1483578952289759,0.2873033602752828,0.6599900016442741
502,500.0,0.1,3.0,1.0,10.0,0.7,0.14768988840486075,0.2860805851140852,0.6615289495901178
503,500.0,0.1,3.0,1.0,10.0,0.9,0.14651565425936525,0.2847318749818612,0.6642176064434764
504,500.0,0.1,3.0,10.0,0.0,0.5,0.1869245587312021,0.3278554130690526,0.5713583445072908
505,500.0,0.1,3.0,10.0,0.0,0.7,0.1803908426910879,0.3220147665299225,0.5864009396775435
506,500.0,0.1,3.0,10.0,0.0,0.9,0.17685838759199468,0.3185562082633085,0.5945194529822432
507,500.0,0.1,3.0,10.0,1.0,0.5,0.18835056175453022,0.32939684453563706,0.5680049969023657
508,500.0,0.1,3.0,10.0,1.0,0.7,0.18190058225667538,0.3235963645977531,0.5828951193078735
509,500.0,0.1,3.0,10.0,1.0,0.9,0.17861440625152417,0.32033435246998876,0.5904778957206034
510,500.0,0.1,3.0,10.0,10.0,0.5,0.19347708667318336,0.33165866427970636,0.5560703802670692
511,500.0,0.1,3.0,10.0,10.0,0.7,0.18660062712369757,0.3264863691676557,0.5719778472343396
512,500.0,0.1,3.0,10.0,10.0,0.9,0.1841858800606527,0.3231077282457903,0.5775974086880014
513,500.0,0.1,10.0,0.0,0.0,0.5,0.17519904436546993,0.315211479442583,0.5981252885615358
514,500.0,0.1,10.0,0.0,0.0,0.7,0.1710351668600188,0.308472329301452,0.6077687996900009
515,500.0,0.1,10.0,0.0,0.0,0.9,0.1663097919417736,0.30471764643134963,0.6187519432356801
516,500.0,0.1,10.0,0.0,1.0,0.5,0.1637205356640253,0.30229169506974396,0.6246191721988941
517,500.0,0.1,10.0,0.0,1.0,0.7,0.1596052457816912,0.2965111363213417,0.6340886308745735
518,500.0,0.1,10.0,0.0,1.0,0.9,0.15762166632434124,0.2940793315383792,0.6385658396883501
519,500.0,0.1,10.0,0.0,10.0,0.5,0.15564489326909212,0.2938642672806893,0.6432283996862376
520,500.0,0.1,10.0,0.0,10.0,0.7,0.15116392416009633,0.2887957456731529,0.6534847957286779
521,500.0,0.1,10.0,0.0,10.0,0.9,0.15215107804204586,0.2903446659367771,0.6512441327934481
522,500.0,0.1,10.0,1.0,0.0,0.5,0.15866255683571992,0.29849724221692275,0.6362388891919287
523,500.0,0.1,10.0,1.0,0.0,0.7,0.15603097809080174,0.29556714114702465,0.6422521434234734
524,500.0,0.1,10.0,1.0,0.0,0.9,0.15611455113050923,0.29561111518822714,0.6420926334836939
525,500.0,0.1,10.0,1.0,1.0,0.5,0.15418620902429686,0.2926211873359213,0.6465462593913043
526,500.0,0.1,10.0,1.0,1.0,0.7,0.15047516004884137,0.2884123995410107,0.6550460066073475
527,500.0,0.1,10.0,1.0,1.0,0.9,0.1485883713544683,0.28606460814500606,0.6594539671032964
528,500.0,0.1,10.0,1.0,10.0,0.5,0.14961114595199457,0.287823991154663,0.6571323493697021
529,500.0,0.1,10.0,1.0,10.0,0.7,0.14746126159570122,0.28497528713498027,0.6621057361620917
530,500.0,0.1,10.0,1.0,10.0,0.9,0.1463507590767477,0.2842950287792602,0.6646213332953173
531,500.0,0.1,10.0,10.0,0.0,0.5,0.18681720311252806,0.3285767167342538,0.5716235306269989
532,500.0,0.1,10.0,10.0,0.0,0.7,0.18209385166904862,0.32311631457454,0.582364911497298
533,500.0,0.1,10.0,10.0,0.0,0.9,0.1766851100414913,0.3178559470140181,0.5948460012723485
534,500.0,0.1,10.0,10.0,1.0,0.5,0.18807580287145448,0.3290458622472209,0.5686903092649109
535,500.0,0.1,10.0,10.0,1.0,0.7,0.18188838118125752,0.3229751226793073,0.5829450350187733
536,500.0,0.1,10.0,10.0,1.0,0.9,0.17769424688930324,0.3188613560425832,0.5925524067797536
537,500.0,0.1,10.0,10.0,10.0,0.5,0.19320303683164025,0.33169325726725124,0.5567095388196863
538,500.0,0.1,10.0,10.0,10.0,0.7,0.18569190210530961,0.32568536212810373,0.5741070376391406
539,500.0,0.1,10.0,10.0,10.0,0.9,0.18325196297753127,0.32294789440546373,0.5797878157948186
540,500.0,0.1,50.0,0.0,0.0,0.5,0.20222051073242436,0.34135088669110636,0.5360674644479039
541,500.0,0.1,50.0,0.0,0.0,0.7,0.21029099366839973,0.3474444487089566,0.5177053983434161
542,500.0,0.1,50.0,0.0,0.0,0.9,0.212447612052633,0.35122879595151935,0.5126732683642535
543,500.0,0.1,50.0,0.0,1.0,0.5,0.17606094283091883,0.31554948190601484,0.5961984883004977
544,500.0,0.1,50.0,0.0,1.0,0.7,0.17214352529148602,0.30994774597412966,0.6053643717678117
545,500.0,0.1,50.0,0.0,1.0,0.9,0.1755251603823381,0.31288964137291486,0.5976811898792554
546,500.0,0.1,50.0,0.0,10.0,0.5,0.16094876123340737,0.2995314267174485,0.6310694195388807
547,500.0,0.1,50.0,0.0,10.0,0.7,0.1587626917788451,0.2973765066524777,0.6359997810136041
548,500.0,0.1,50.0,0.0,10.0,0.9,0.16003463419723557,0.29923824922075903,0.6332178304648337
549,500.0,0.1,50.0,1.0,0.0,0.5,0.16602686127096777,0.30585872486454646,0.6193344834159991
550,500.0,0.1,50.0,1.0,0.0,0.7,0.1653814238921535,0.3061873185046453,0.6207910410149975
551,500.0,0.1,50.0,1.0,0.0,0.9,0.16533030405650745,0.3053195015985941,0.6209335033387283
552,500.0,0.1,50.0,1.0,1.0,0.5,0.1564964932416633,0.29463459302033435,0.6412685782211217
553,500.0,0.1,50.0,1.0,1.0,0.7,0.15208883748132876,0.289027597120114,0.6514117129312085
554,500.0,0.1,50.0,1.0,1.0,0.9,0.1524490293467061,0.2901783103685555,0.6506034731874955
555,500.0,0.1,50.0,1.0,10.0,0.5,0.15001539477442719,0.28811827644921306,0.6562348049459479
556,500.0,0.1,50.0,1.0,10.0,0.7,0.14667695972422978,0.2848202934909111,0.6639017789910179
557,500.0,0.1,50.0,1.0,10.0,0.9,0.1471716975801102,0.28589587426314556,0.6627224689919224
558,500.0,0.1,50.0,10.0,0.0,0.5,0.1858902712612997,0.327746446167896,0.573695963565217
559,500.0,0.1,50.0,10.0,0.0,0.7,0.18241233293212195,0.3233642364038999,0.5816132420144203
560,500.0,0.1,50.0,10.0,0.0,0.9,0.17653512551545844,0.3176876158442033,0.5951791568215787
561,500.0,0.1,50.0,10.0,1.0,0.5,0.18807580287145448,0.3290458622472209,0.5686903092649109
562,500.0,0.1,50.0,10.0,1.0,0.7,0.18188838118125752,0.3229751226793073,0.5829450350187733
563,500.0,0.1,50.0,10.0,1.0,0.9,0.17802743552445666,0.3191021047042649,0.5917586011158062
564,500.0,0.1,50.0,10.0,10.0,0.5,0.19320303683164025,0.33169325726725124,0.5567095388196863
565,500.0,0.1,50.0,10.0,10.0,0.7,0.18569190210530961,0.32568536212810373,0.5741070376391406
566,500.0,0.1,50.0,10.0,10.0,0.9,0.18325196297753127,0.32294789440546373,0.5797878157948186
567,500.0,0.5,3.0,0.0,0.0,0.5,0.1474245994892885,0.28482683558590344,0.6622796017568001
568,500.0,0.5,3.0,0.0,0.0,0.7,0.14562840197258603,0.28384521358182074,0.6663657554604103
569,500.0,0.5,3.0,0.0,0.0,0.9,0.14346002570321364,0.28086299238529505,0.6713783391545031
570,500.0,0.5,3.0,0.0,1.0,0.5,0.14557133491702662,0.28422014263223844,0.6665606828520219
571,500.0,0.5,3.0,0.0,1.0,0.7,0.14265513266598223,0.2808398362919657,0.6731856681878745
572,500.0,0.5,3.0,0.0,1.0,0.9,0.14189230500627906,0.2806033980478509,0.6749627113646378
573,500.0,0.5,3.0,0.0,10.0,0.5,0.1460939570385585,0.28321370816320374,0.6653106384545062
574,500.0,0.5,3.0,0.0,10.0,0.7,0.14286017773017043,0.27985768191665755,0.6726673654792138
575,500.0,0.5,3.0,0.0,10.0,0.9,0.14261048936565665,0.2804136659574704,0.6732682894384183
576,500.0,0.5,3.0,1.0,0.0,0.5,0.14651808686001716,0.28370271140337067,0.6643379466863084
577,500.0,0.5,3.0,1.0,0.0,0.7,0.1459486160629621,0.2839868795568127,0.6656069593644728
578,500.0,0.5,3.0,1.0,0.0,0.9,0.14278678791925084,0.2809430838486608,0.6728623637241996
579,500.0,0.5,3.0,1.0,1.0,0.5,0.14355116122669845,0.2820531691417779,0.671099415360785
580,500.0,0.5,3.0,1.0,1.0,0.7,0.14408958855123402,0.2820338369043972,0.6698709598121673
581,500.0,0.5,3.0,1.0,1.0,0.9,0.14248020754570373,0.28092005874800985,0.6735537953384761
582,500.0,0.5,3.0,1.0,10.0,0.5,0.14479565402460712,0.2824023221731607,0.6682560184649546
583,500.0,0.5,3.0,1.0,10.0,0.7,0.14439490592979945,0.28223114958487355,0.6691508443129415
584,500.0,0.5,3.0,1.0,10.0,0.9,0.14205688497959884,0.28027879593957195,0.6744946654554449
585,500.0,0.5,3.0,10.0,0.0,0.5,0.18042065063229634,0.32415975089060145,0.5863385185940091
586,500.0,0.5,3.0,10.0,0.0,0.7,0.17801022459046836,0.32116482817127706,0.5919036788829912
587,500.0,0.5,3.0,10.0,0.0,0.9,0.1761303513250454,0.3191813067293034,0.596131487236821
588,500.0,0.5,3.0,10.0,1.0,0.5,0.1816640218276087,0.32499415380272506,0.5835134630746676
589,500.0,0.5,3.0,10.0,1.0,0.7,0.17915856537737818,0.32229236257835736,0.5893018430724046
590,500.0,0.5,3.0,10.0,1.0,0.9,0.17654052858756497,0.3195029718905305,0.595266963129519
591,500.0,0.5,3.0,10.0,10.0,0.5,0.18788465571784851,0.32894070918331747,0.5690096953325872
592,500.0,0.5,3.0,10.0,10.0,0.7,0.18250549656457177,0.3241756866203557,0.5814651763679498
593,500.0,0.5,3.0,10.0,10.0,0.9,0.17906661298341314,0.3212677904505166,0.5894171355345149
594,500.0,0.5,10.0,0.0,0.0,0.5,0.15453989209407898,0.29361815125691226,0.6457704106270683
595,500.0,0.5,10.0,0.0,0.0,0.7,0.14883886010051053,0.28706194704401955,0.6587507883075935
596,500.0,0.5,10.0,0.0,0.0,0.9,0.14980827034298022,0.2863115099347393,0.6564499546740612
597,500.0,0.5,10.0,0.0,1.0,0.5,0.14923960762239108,0.2877675531830056,0.6578745493201105
598,500.0,0.5,10.0,0.0,1.0,0.7,0.14509052967269642,0.28270010067761825,0.6674031634596859
599,500.0,0.5,10.0,0.0,1.0,0.9,0.1433181129862488,0.28030754957110704,0.6715427583752566
600,500.0,0.5,10.0,0.0,10.0,0.5,0.14883470076026545,0.28475016781074614,0.6590107555058636
601,500.0,0.5,10.0,0.0,10.0,0.7,0.14497124365015834,0.28168994683994625,0.6677908414748649
602,500.0,0.5,10.0,0.0,10.0,0.9,0.1453145395638929,0.28122047967236635,0.6670229739569373
603,500.0,0.5,10.0,1.0,0.0,0.5,0.149142066138446,0.286843687669266,0.6582291570710799
604,500.0,0.5,10.0,1.0,0.0,0.7,0.14714026233616428,0.28568426488932197,0.6627761290163198
605,500.0,0.5,10.0,1.0,0.0,0.9,0.14539359852233522,0.283056851904099,0.6667808424762087
606,500.0,0.5,10.0,1.0,1.0,0.5,0.14404880929536595,0.28317645178938117,0.6699316939026762
607,500.0,0.5,10.0,1.0,1.0,0.7,0.14194569531318293,0.28091239199699664,0.6748024965909865
608,500.0,0.5,10.0,1.0,1.0,0.9,0.14054811519906532,0.27984035239046723,0.6780117870835453
609,500.0,0.5,10.0,1.0,10.0,0.5,0.14394959625826903,0.2814105134633079,0.6701866297074441
610,500.0,0.5,10.0,1.0,10.0,0.7,0.143406254890397,0.2814821113642214,0.6714202645335842
611,500.0,0.5,10.0,1.0,10.0,0.9,0.14186190986309252,0.2789662715558189,0.6749847626430372
612,500.0,0.5,10.0,10.0,0.0,0.5,0.18104710764127438,0.32477646747626154,0.58494258949664
613,500.0,0.5,10.0,10.0,0.0,0.7,0.17683721326896834,0.3202635888175477,0.5946179641352083
614,500.0,0.5,10.0,10.0,0.0,0.9,0.17502248855596603,0.31778755269904246,0.598667809304825
615,500.0,0.5,10.0,10.0,1.0,0.5,0.18201656473827946,0.32569194780489286,0.582591785467858
616,500.0,0.5,10.0,10.0,1.0,0.7,0.17872229870219927,0.321671133395485,0.5902333864729478
617,500.0,0.5,10.0,10.0,1.0,0.9,0.17632215600296158,0.31961749755464536,0.5957783287356246
618,500.0,0.5,10.0,10.0,10.0,0.5,0.1878847235411141,0.328886720831874,0.5690095337469667
619,500.0,0.5,10.0,10.0,10.0,0.7,0.18142851349827943,0.3231290050582122,0.5839900182158234
620,500.0,0.5,10.0,10.0,10.0,0.9,0.17857410163101886,0.3209747789885002,0.5905520701831823
621,500.0,0.5,50.0,0.0,0.0,0.5,0.16313284124958968,0.3004046441516369,0.6259917419665315
622,500.0,0.5,50.0,0.0,0.0,0.7,0.15690529123194646,0.2945430469426638,0.6402236099773433
623,500.0,0.5,50.0,0.0,0.0,0.9,0.15656820709125982,0.29499478914825067,0.6410038755204958
624,500.0,0.5,50.0,0.0,1.0,0.5,0.15293704845573222,0.29347882331697317,0.6494164541530202
625,500.0,0.5,50.0,0.0,1.0,0.7,0.15235455653782645,0.2902447476212467,0.6508472962600445
626,500.0,0.5,50.0,0.0,1.0,0.9,0.15136322458446952,0.28812398303031955,0.6531287355950285
627,500.0,0.5,50.0,0.0,10.0,0.5,0.1523028725949875,0.28956414085237175,0.6509789695576067
628,500.0,0.5,50.0,0.0,10.0,0.7,0.15354635705598615,0.29076732437164327,0.64801892667491
629,500.0,0.5,50.0,0.0,10.0,0.9,0.1545739518205294,0.2923441419213474,0.6457554652634325
630,500.0,0.5,50.0,1.0,0.0,0.5,0.1506427079152893,0.2895780071342464,0.6547027974999537
631,500.0,0.5,50.0,1.0,0.0,0.7,0.14564305841153477,0.2845143430653053,0.6662333962453979
632,500.0,0.5,50.0,1.0,0.0,0.9,0.14746231951558925,0.2851424996492956,0.662037776387729
633,500.0,0.5,50.0,1.0,1.0,0.5,0.14651676169317215,0.28484409768242147,0.6642722027079392
634,500.0,0.5,50.0,1.0,1.0,0.7,0.14324267073942537,0.2819389877290835,0.6718359807515384
635,500.0,0.5,50.0,1.0,1.0,0.9,0.1411688198174859,0.27923280735968836,0.6765044561171851
636,500.0,0.5,50.0,1.0,10.0,0.5,0.14505625488923068,0.28244327327785534,0.6676366511124346
637,500.0,0.5,50.0,1.0,10.0,0.7,0.14211256433448138,0.27970089455255887,0.6743739698648616
638,500.0,0.5,50.0,1.0,10.0,0.9,0.14133725831760782,0.27851152227066983,0.6761450654082942
639,500.0,0.5,50.0,10.0,0.0,0.5,0.18104710764127438,0.32477646747626154,0.58494258949664
640,500.0,0.5,50.0,10.0,0.0,0.7,0.17683721326896834,0.3202635888175477,0.5946179641352083
641,500.0,0.5,50.0,10.0,0.0,0.9,0.17502248855596603,0.31778755269904246,0.598667809304825
642,500.0,0.5,50.0,10.0,1.0,0.5,0.18201656473827946,0.32569194780489286,0.582591785467858
643,500.0,0.5,50.0,10.0,1.0,0.7,0.17872229870219927,0.321671133395485,0.5902333864729478
644,500.0,0.5,50.0,10.0,1.0,0.9,0.17632215600296158,0.31961749755464536,0.5957783287356246
645,500.0,0.5,50.0,10.0,10.0,0.5,0.1878847235411141,0.328886720831874,0.5690095337469667
646,500.0,0.5,50.0,10.0,10.0,0.7,0.18142851349827943,0.3231290050582122,0.5839900182158234
647,500.0,0.5,50.0,10.0,10.0,0.9,0.17857410163101886,0.3209747789885002,0.5905520701831823
648,500.0,0.9,3.0,0.0,0.0,0.5,0.14735022620186772,0.2849728083333103,0.6623929352324318
649,500.0,0.9,3.0,0.0,0.0,0.7,0.14578201701126053,0.2831645803216092,0.6658417183165882
650,500.0,0.9,3.0,0.0,0.0,0.9,0.14386257905716962,0.2801174838444368,0.6703337080657326
651,500.0,0.9,3.0,0.0,1.0,0.5,0.14531457094097622,0.2830233178759636,0.6670174615578919
652,500.0,0.9,3.0,0.0,1.0,0.7,0.14484065946870878,0.28128211480516885,0.6681074698490893
653,500.0,0.9,3.0,0.0,1.0,0.9,0.14110969008282895,0.27796619804437983,0.6766795170501811
654,500.0,0.9,3.0,0.0,10.0,0.5,0.14452340727345322,0.2817427767393214,0.6689010687918728
655,500.0,0.9,3.0,0.0,10.0,0.7,0.1441347741190898,0.2807164396559313,0.6697707565959214
656,500.0,0.9,3.0,0.0,10.0,0.9,0.140754531114654,0.27768828472024515,0.6774651620214895
657,500.0,0.9,3.0,1.0,0.0,0.5,0.14647909785810712,0.2845891441111852,0.6643525401144014
658,500.0,0.9,3.0,1.0,0.0,0.7,0.14479979628533335,0.28281261342353475,0.6681299213381138
659,500.0,0.9,3.0,1.0,0.0,0.9,0.14342376972705678,0.2809958289315323,0.6713223764285612
660,500.0,0.9,3.0,1.0,1.0,0.5,0.14361939143231284,0.2813208012552767,0.6709584787189631
661,500.0,0.9,3.0,1.0,1.0,0.7,0.14475945510555216,0.281565131428844,0.6683245023928436
662,500.0,0.9,3.0,1.0,1.0,0.9,0.14283127313594574,0.2809142924511895,0.6727145729317161
663,500.0,0.9,3.0,1.0,10.0,0.5,0.1437946309291688,0.2807070182761196,0.6705366589710178
664,500.0,0.9,3.0,1.0,10.0,0.7,0.1433127218188158,0.2802496135271929,0.671593439803903
665,500.0,0.9,3.0,1.0,10.0,0.9,0.14123625179391777,0.27869466529262243,0.6763327869423901
666,500.0,0.9,3.0,10.0,0.0,0.5,0.18105168592207246,0.3242008008160014,0.5849411863682306
667,500.0,0.9,3.0,10.0,0.0,0.7,0.17718406373812517,0.3202988271553175,0.5937454866236963
668,500.0,0.9,3.0,10.0,0.0,0.9,0.1756237978073606,0.3187022034433017,0.5973395781636732
669,500.0,0.9,3.0,10.0,1.0,0.5,0.18111316027649624,0.3243801280601514,0.584762236201593
670,500.0,0.9,3.0,10.0,1.0,0.7,0.17804683134397312,0.3210556697369771,0.5917591150313848
671,500.0,0.9,3.0,10.0,1.0,0.9,0.17717597489167525,0.31962319046363086,0.5937182827545161
672,500.0,0.9,3.0,10.0,10.0,0.5,0.18450472551514296,0.32585707038941597,0.576851369203418
673,500.0,0.9,3.0,10.0,10.0,0.7,0.18040932924478212,0.3227098639074829,0.5863314735244536
674,500.0,0.9,3.0,10.0,10.0,0.9,0.1775868791181009,0.3204194471166249,0.5928197826394559
675,500.0,0.9,10.0,0.0,0.0,0.5,0.15311575107302855,0.28960085472866626,0.6489721726864659
676,500.0,0.9,10.0,0.0,0.0,0.7,0.14965963740491053,0.2861153713363222,0.6569048648329934
677,500.0,0.9,10.0,0.0,0.0,0.9,0.1492296164066012,0.2851056416261734,0.6578767440701148
678,500.0,0.9,10.0,0.0,1.0,0.5,0.15030402333865095,0.28677813930750273,0.6555661479541237
679,500.0,0.9,10.0,0.0,1.0,0.7,0.1464844357847992,0.2841809228892996,0.6642895426650655
680,500.0,0.9,10.0,0.0,1.0,0.9,0.14626933486144467,0.28414812844767895,0.6647191538496419
681,500.0,0.9,10.0,0.0,10.0,0.5,0.1504620789207452,0.28697459898518585,0.6550882095158037
682,500.0,0.9,10.0,0.0,10.0,0.7,0.14564259117557093,0.2820992464966581,0.6660263242938652
683,500.0,0.9,10.0,0.0,10.0,0.9,0.14439062219748172,0.28111833094092575,0.6689606247311201
684,500.0,0.9,10.0,1.0,0.0,0.5,0.146550130746595,0.2846153467841825,0.6641324383660935
685,500.0,0.9,10.0,1.0,0.0,0.7,0.14607095171440915,0.2831409177646653,0.6652536832864352
686,500.0,0.9,10.0,1.0,0.0,0.9,0.14481643165148542,0.2823249546444254,0.6681570065251577
687,500.0,0.9,10.0,1.0,1.0,0.5,0.14575711593965662,0.28433605278430363,0.6660147233335456
688,500.0,0.9,10.0,1.0,1.0,0.7,0.1448152762383332,0.2824159491832886,0.6681972016363102
689,500.0,0.9,10.0,1.0,1.0,0.9,0.14290688315653136,0.2800729288783264,0.6725309182881485
690,500.0,0.9,10.0,1.0,10.0,0.5,0.14530780150611683,0.2819504927738217,0.6669603125373917
691,500.0,0.9,10.0,1.0,10.0,0.7,0.14303393087638716,0.2800860572390308,0.6722423533406333
692,500.0,0.9,10.0,1.0,10.0,0.9,0.14098968925688335,0.2782212215972818,0.6769107031714137
693,500.0,0.9,10.0,10.0,0.0,0.5,0.18040777822188436,0.32372719026766295,0.5864232782010422
694,500.0,0.9,10.0,10.0,0.0,0.7,0.1766773406466407,0.31939028696951444,0.5950052146799856
695,500.0,0.9,10.0,10.0,0.0,0.9,0.1759813519420646,0.3189337579513343,0.5965712125529562
696,500.0,0.9,10.0,10.0,1.0,0.5,0.18241302793037775,0.32501159807160374,0.581769050964817
697,500.0,0.9,10.0,10.0,1.0,0.7,0.17705959202426577,0.32004926818828594,0.5940580207241336
698,500.0,0.9,10.0,10.0,1.0,0.9,0.17633712997141013,0.31930733109263,0.5956913376598797
699,500.0,0.9,10.0,10.0,10.0,0.5,0.1842147385038601,0.32575665612700944,0.5775323119960859
700,500.0,0.9,10.0,10.0,10.0,0.7,0.18024550819354307,0.32235876243241784,0.5867314415534919
701,500.0,0.9,10.0,10.0,10.0,0.9,0.17765861867225088,0.32053834363256917,0.5927198181584783
702,500.0,0.9,50.0,0.0,0.0,0.5,0.15614103457755424,0.29235974490871053,0.6420089458384084
703,500.0,0.9,50.0,0.0,0.0,0.7,0.155083803702873,0.2914508175960446,0.6444678829580408
704,500.0,0.9,50.0,0.0,0.0,0.9,0.16096092811144272,0.295098684863152,0.6309675910923023
705,500.0,0.9,50.0,0.0,1.0,0.5,0.15279100046558475,0.29070370560259173,0.6497407316135091
706,500.0,0.9,50.0,0.0,1.0,0.7,0.15211878237810644,0.2883025214057676,0.6513687825441752
707,500.0,0.9,50.0,0.0,1.0,0.9,0.1506995013562775,0.28853348991483596,0.6543463467671542
708,500.0,0.9,50.0,0.0,10.0,0.5,0.1566436163251478,0.29412948404279,0.6408648186144613
709,500.0,0.9,50.0,0.0,10.0,0.7,0.15675182920890768,0.2926394572517351,0.6405219269437407
710,500.0,0.9,50.0,0.0,10.0,0.9,0.15869154934604518,0.29608983441682196,0.6360668656982549
711,500.0,0.9,50.0,1.0,0.0,0.5,0.14914948816150733,0.28645423837948836,0.6582675451591783
712,500.0,0.9,50.0,1.0,0.0,0.7,0.14682269565181527,0.2839425716864151,0.6635619152282597
713,500.0,0.9,50.0,1.0,0.0,0.9,0.14826881649879375,0.2853439748017892,0.6602122627243453
714,500.0,0.9,50.0,1.0,1.0,0.5,0.1479858526378304,0.2845682938495956,0.660838273892829
715,500.0,0.9,50.0,1.0,1.0,0.7,0.14315102824092002,0.280272766263301,0.6720219151278324
716,500.0,0.9,50.0,1.0,1.0,0.9,0.14325367932863087,0.28053626727313447,0.6718154231057604
717,500.0,0.9,50.0,1.0,10.0,0.5,0.1466728134454528,0.2830110082774021,0.6639202270203466
718,500.0,0.9,50.0,1.0,10.0,0.7,0.14315166047711497,0.2803706480636675,0.6719810119742154
719,500.0,0.9,50.0,1.0,10.0,0.9,0.14196802821651186,0.27823405030398785,0.6746557385137819
720,500.0,0.9,50.0,10.0,0.0,0.5,0.18040777822188436,0.32372719026766295,0.5864232782010422
721,500.0,0.9,50.0,10.0,0.0,0.7,0.1766773406466407,0.31939028696951444,0.5950052146799856
722,500.0,0.9,50.0,10.0,0.0,0.9,0.1759813519420646,0.3189337579513343,0.5965712125529562
723,500.0,0.9,50.0,10.0,1.0,0.5,0.18241302793037775,0.32501159807160374,0.581769050964817
724,500.0,0.9,50.0,10.0,1.0,0.7,0.17705959202426577,0.32004926818828594,0.5940580207241336
725,500.0,0.9,50.0,10.0,1.0,0.9,0.17633712997141013,0.31930733109263,0.5956913376598797
726,500.0,0.9,50.0,10.0,10.0,0.5,0.1842147385038601,0.32575665612700944,0.5775323119960859
727,500.0,0.9,50.0,10.0,10.0,0.7,0.18024550819354307,0.32235876243241784,0.5867314415534919
728,500.0,0.9,50.0,10.0,10.0,0.9,0.17765861867225088,0.32053834363256917,0.5927198181584783
